Cortex M4/7 Performance Test.
GCC Version: 4.8.4
MKV58F24 -O3 HardABI
NOTES: Functions in Flash.   All Data in DTCM.  ARM Libraries using M4 GCC -5.0 o3 build
Cycle Offset: 2

Block Processing Functions
Length,16,32,64,128,256,512,1024,2048,4096

CFFT-f32-BitReverse,1102,1893,3101,7242,16290,32561,77025,173495,353923,
CFFT-f32-NoBitReverse,588,1300,2630,6126,13959,30141,67637,153134,332860,
RFFT-f32-NoBitReverse,n/a,1206,2468,4670,10616,23055,45963,103977,227054,
ComplexMag-f32,458,661,1286,2532,5038,10020,20024,39972,79931,
ComplexMagSquared-f32,162,164,308,596,1187,2324,4628,9236,18457,
Goertzel_f32,292,455,870,1703,3367,6695,13353,26664,53291,
IIR-f32_df1-1Stage,382,509,973,1920,3756,7483,14893,29756,59438,
IIR-f32_df2T-1Stage,391,659,1243,2443,4841,9647,19241,38441,76853,
FIR-f32_8tap,549,578,1022,1929,3734,7362,14572,29046,n/a
FIR-f32_16tap,549,930,1737,3309,6506,12860,25595,51082,n/a
FIR-f32_32tap,896,1633,3086,6023,11905,23637,47137,94110,n/a
CFFT-q31-BitReverse,872,2124,3541,9903,17818,48061,89229,235076,438760,
CFFT-q31-NoBitReverse,558,1839,3104,9274,16567,45468,83543,224191,418433,
RFFT-Q31-BitReverse,n/a,2287,4964,9350,21716,41529,95407,184768,396644,
RFFT-Q31-NoBitReverse,n/a,2033,4775,9000,21207,40264,93048,179528,386278,
ComplexMag-q31,409,569,1098,2162,4283,8489,16937,33848,227154,
ComplexMagSquared-q31,211,321,594,1117,2205,4381,8738,17435,34842,
IIR-q31_df1-1Stage,456,553,980,1804,3515,6896,13687,27255,54414,
IIR-q31_df1-1Stage-fast,895,1242,2404,4723,9363,18644,37203,74322,148565,
IIR-q31_64_df1-1Staget,1511,2268,4439,8722,17331,34546,68995,137841,275572,
FIR-q31_8tap,704,1005,1842,3566,6959,13793,27456,54774,n/a
FIR-q31_16tap,767,1346,2474,4784,9299,18479,36692,73251,n/a
FIR-q31_32tap,1248,2196,4042,7867,15420,30528,60700,121152,n/a
CFFT-q15-BitReverse,657,1344,2247,5807,10800,27474,52682,130507,439587,
CFFT-q15-NoBitReverse,400,1106,1960,5297,9849,25530,49116,121130,418454,
RFFT-Q15-BitReverse,n/a,1385,2755,5030,11451,22112,49842,84396,177687,
RFFT-Q15-NoBitReverse,n/a,1160,2582,4661,10834,21110,47986,79511,171023,
ComplexMag-q15,335,471,887,1701,3394,6719,13350,26665,205676,
ComplexMagSquared-q15,153,177,280,535,1073,2074,4122,8226,16414,
IIR-q15_df1-1Stage,372,546,1028,2007,3907,7746,15439,30800,61506,
IIR-q15_df1-1Stage-fast,267,391,729,1419,2762,5431,10817,21558,43069,
FIR-q15_8tap,590,909,1726,3358,6621,13148,26209,52337,n/a
FIR-q15_16tap,692,1261,2366,4617,9129,18153,36202,72305,n/a
FIR-q15_32tap,1021,1890,3659,7199,14275,28409,56697,113277,n/a


Sample by Sample Tests
---------------------------------------------------------------

Iteration,0,1,2,3,4,5,6,7,8,9,10,11,12,13,14,15

PID-f32,19,18,18,18,18,18,18,18,18,18,18,18,18,18,18,18,
IIR-f31_64_df1-1Stage,140,61,60,61,60,61,60,61,60,61,60,61,60,61,60,
E-IIR-f32_df1-1Stage,18,16,16,16,16,16,16,16,16,16,16,16,16,16,16,16,
PID-q31,24,18,17,18,17,18,17,18,17,18,17,18,17,18,17,
IIR-q32_64_df1-1Stage,299,156,155,158,155,158,155,158,155,158,155,158,155,158,155,
E-IIR-q31_64_df1-1Stage,89,48,48,48,48,48,48,48,48,48,48,48,48,48,48,
PID-q15,41,25,25,25,25,25,25,25,25,25,25,25,25,25,25,

