Cortex M4/7 Performance Test.
GCC Version: 5.4.1
LPC54114 -O3 HardABI
NOTES:
Cycle Offset: 1

Block Processing Functions
---------------------------------------------------------------

Length,16,32,64,128,256,512,1024,2048,4096
CFFT-q31-BitReverse,1182,4025,6773,20168,35587,97784,177410,461536,851907,
CFFT-q31-NoBitReverse,1025,3740,6226,19146,33499,93680,169027,444726,817385,
RFFT-Q31-BitReverse,n/a,3200,8041,14789,36184,67603,161802,305428,717557,
RFFT-Q31-NoBitReverse,n/a,3047,7760,14246,35166,65519,157700,297047,700748,
ComplexMag-q31,478,882,1690,3306,6538,13002,25930,51786,257513,
ComplexMagSquared-q31,237,396,700,1308,2524,4958,9822,19551,39007,
IIR-q31_df1-1Stage,579,996,1812,3444,6708,13236,26292,52406,104632,
IIR-q31_df1-1Stage-fast,1225,2285,4389,8597,17013,33845,67509,134837,269495,
IIR-q31_64_df1-1Staget,2433,4657,9089,17951,35679,71137,142048,283871,567519,
FIR-q31_8tap,1159,2121,3961,7721,15161,30121,59961,119719,n/a
FIR-q31_16tap,1524,2798,5124,9998,19524,38798,77126,154000,n/a
FIR-q31_32tap,2406,4493,8198,16077,31366,62412,124039,247757,n/a


Sample by Sample Tests
---------------------------------------------------------------

Iteration,0,1,2,3,4,5,6,7,8,9,10,11,12,13,14,15

PID-q31,25,25,25,25,25,25,25,25,25,25,25,25,25,25,25,
IIR-q32_64_df1-1Stage,316,320,320,320,320,320,320,320,320,320,320,320,320,320,320,
E-IIR-q31_64_df1-1Stage,164,167,167,167,167,167,167,167,167,167,167,167,167,167,167,
