Cortex M4/7 Performance Test.
GCC Version: 5.4.1
LPC54114 -O1 SoftABI
NOTES:
Cycle Offset: 5

Block Processing Functions
---------------------------------------------------------------

Length,16,32,64,128,256,512,1024,2048,4096
CFFT-q31-BitReverse,1487,5189,9603,28133,52883,141590,269864,683485,1315260,
CFFT-q31-NoBitReverse,1330,4918,9064,27123,50803,137498,261484,666688,1280727,
RFFT-Q31-BitReverse,n/a,4744,11754,22795,54570,105817,247515,481774,1107362,
RFFT-Q31-NoBitReverse,n/a,4587,11486,22259,53565,103739,243426,473399,1090570,
ComplexMag-q31,1114,2150,4222,8368,16656,33232,66384,132689,482956,
ComplexMagSquared-q31,406,724,1354,2626,5152,10208,20320,40544,80962,
IIR-q31_df1-1Stage,1506,2804,5380,10532,20830,41440,82655,165087,329951,
IIR-q31_df1-1Stage-fast,2179,4165,8125,16045,31886,63567,126926,253646,507086,
IIR-q31_64_df1-1Staget,2608,4987,9731,19219,38196,76148,152052,303860,607476,
FIR-q31_8tap,3016,5830,11436,22662,45100,89988,179754,359300,n/a
FIR-q31_16tap,5439,10630,20979,41702,83122,165989,331698,663139,n/a
FIR-q31_32tap,10157,19995,39599,78875,157358,314396,628399,1256475,n/a


Sample by Sample Tests
---------------------------------------------------------------

Iteration,0,1,2,3,4,5,6,7,8,9,10,11,12,13,14,15

PID-q31,156,156,156,156,156,156,156,156,156,156,156,156,156,156,156,
IIR-q32_64_df1-1Stage,346,348,348,348,348,348,348,348,348,348,348,348,348,348,348,
E-IIR-q31_64_df1-1Stage,385,389,389,389,389,389,389,389,389,389,389,389,389,389,389,


