Cortex M4/7 Performance Test.
GCC Version: 5.4.1
LPC54114 -O0 SoftABI
NOTES:
Cycle Offset: 5

Block Processing Functions
---------------------------------------------------------------

Length,16,32,64,128,256,512,1024,2048,4096
CFFT-q31-BitReverse,3774,13676,22549,69765,120061,339126,600836,1599064,2892119,
CFFT-q31-NoBitReverse,3603,13384,21986,68733,117957,335012,592434,1582245,2857565,
RFFT-Q31-BitReverse,n/a,9526,25344,46060,116955,214612,528398,979547,2356654,
RFFT-Q31-NoBitReverse,n/a,9355,25055,45500,115928,212510,524285,971150,2339840,
ComplexMag-q31,2226,4366,8646,17208,34328,68568,137048,274009,1098831,
ComplexMagSquared-q31,1121,2170,4264,8464,16846,33614,67150,134223,268245,
IIR-q31_df1-1Stage,2571,4949,9701,19205,38207,76225,152257,304321,608449,
IIR-q31_df1-1Stage-fast,3572,6923,13611,26987,53740,107244,214252,428268,856300,
IIR-q31_64_df1-1Staget,5204,10158,20062,39870,79487,158719,317183,634111,1267967,
FIR-q31_8tap,5064,9847,19148,38007,75468,150645,300746,601205,n/a
FIR-q31_16tap,8968,17549,34156,67917,134891,269388,537835,1075274,n/a
FIR-q31_32tap,16913,33238,64787,128982,256274,511959,1022227,2043862,n/a


Sample by Sample Tests
---------------------------------------------------------------

Iteration,0,1,2,3,4,5,6,7,8,9,10,11,12,13,14,15

PID-q31,156,156,156,156,156,156,156,156,156,156,156,156,156,156,156,
IIR-q32_64_df1-1Stage,566,566,566,566,566,566,566,566,566,566,566,566,566,566,566,
E-IIR-q31_64_df1-1Stage,385,389,389,389,389,389,389,389,389,389,389,389,389,389,389,

