Cortex M4/7 Performance Test.
GCC Version: 5.4.1
LPC54114 -O3 SoftABI
NOTES:
Cycle Offset: 5

Block Processing Functions
---------------------------------------------------------------

Length,16,32,64,128,256,512,1024,2048,4096
CFFT-q15-BitReverse,740,2143,3560,9796,17477,45782,84043,211343,858662,
CFFT-q15-NoBitReverse,609,1914,3109,8939,15717,42303,76922,197148,819952,
RFFT-Q15-BitReverse,n/a,1347,3247,5654,13875,25523,61765,115898,270851,
RFFT-Q15-NoBitReverse,n/a,1216,3022,5208,13023,23768,58288,108780,256661,
ComplexMag-q15,384,686,1292,2508,4940,9804,19532,38988,243694,
ComplexMagSquared-q15,169,269,478,898,1728,3392,6720,13376,26689,
IIR-q15_df1-1Stage,433,693,1205,2229,4273,8369,16561,32943,65713,
IIR-q15_df1-1Stage-fast,330,516,884,1620,3093,6039,11927,23701,47255,
FIR-q15_8tap,823,1489,2817,5473,10787,21413,42657,85152,n/a
FIR-q15_16tap,1088,2004,3828,7476,14773,29365,58547,116915,n/a
FIR-q15_32tap,1613,3009,5793,11361,22496,44770,89313,178401,n/a


Sample by Sample Tests
---------------------------------------------------------------

Iteration,0,1,2,3,4,5,6,7,8,9,10,11,12,13,14,15

PID-q15,162,162,162,162,162,162,162,162,162,162,162,162,162,162,162,