Cortex M4/7 Performance Test.
GCC Version: 5.4.1
LPC54114 -O2 HardABI
NOTES:
Cycle Offset: 1

Block Processing Functions
---------------------------------------------------------------

Length,16,32,64,128,256,512,1024,2048,4096
CFFT-q15-BitReverse,741,2145,3598,9865,17690,46140,85117,213239,863517,
CFFT-q15-NoBitReverse,610,1902,3140,8997,15921,42650,77992,199033,827999,
RFFT-Q15-BitReverse,n/a,1381,3311,5820,14199,26248,63148,119021,276843,
RFFT-Q15-NoBitReverse,n/a,1253,3071,5365,13334,24482,59659,111897,262638,
ComplexMag-q15,367,659,1243,2411,4747,9419,18763,37451,243584,
ComplexMagSquared-q15,167,272,480,896,1728,3394,6722,13378,26691,
IIR-q15_df1-1Stage,417,677,1189,2213,4261,8357,16549,32935,65705,
IIR-q15_df1-1Stage-fast,317,501,869,1605,3077,6021,11909,23685,47239,
FIR-q15_8tap,840,1518,2870,5568,10976,21792,43424,86688,n/a
FIR-q15_16tap,1063,1941,3693,7197,14207,28222,56253,112317,n/a
FIR-q15_32tap,1505,2779,5323,10411,20587,40938,81644,163051,n/a


Sample by Sample Tests
---------------------------------------------------------------

Iteration,0,1,2,3,4,5,6,7,8,9,10,11,12,13,14,15

PID-q15,41,39,39,39,39,39,39,39,39,39,39,39,39,39,39,
