Cortex M4/7 Performance Test.
GCC Version: 5.4.1
LPC54114 -O2 SoftABI
NOTES:
Cycle Offset: 5

Block Processing Functions
---------------------------------------------------------------

Length,16,32,64,128,256,512,1024,2048,4096

CFFT-f32-BitReverse,1235,2708,5135,13039,28339,54177,130411,282864,545895,
CFFT-f32-NoBitReverse,995,2213,4569,11173,24463,50232,114812,249751,510446,
RFFT-f32-NoBitReverse,n/a,1925,4041,7783,18289,38796,75080,172177,366466,
ComplexMag-f32,377,687,1289,2505,4937,9801,19529,38986,77898,
ComplexMagSquared-f32,201,334,600,1128,2184,4296,8520,16939,33360,
Goertzel_f32,740,1379,2659,5216,10334,20574,41060,82016,164173,
IIR-f32_df1-1Stage,428,739,1343,2536,4939,9738,19338,38538,76936,
IIR-f32_df2T-1Stage,456,795,1459,2786,5441,10755,21378,42626,85123,
FIR-f32_8tap,870,1534,2866,5530,10856,21512,42822,85448,n/a
FIR-f32_16tap,1360,2494,4766,9310,18401,36581,72928,145632,n/a
FIR-f32_32tap,2338,4396,8508,16732,33181,66076,131870,263451,n/a


Sample by Sample Tests
---------------------------------------------------------------

Iteration,0,1,2,3,4,5,6,7,8,9,10,11,12,13,14,15

PID-f32,94,94,94,94,94,94,94,94,94,94,94,94,94,94,94,94,
IIR-f31_64_df1-1Stage,114,114,114,114,114,114,114,114,114,114,114,114,114,114,114,
E-IIR-f32_df1-1Stage,117,121,121,121,121,121,121,121,121,121,121,121,121,121,121,121,

