GCC Version: 5.4.1
LPC54114 -O3 HardABI
NOTES:
Cycle Offset: 1

Block Processing Functions
---------------------------------------------------------------

Length,16,32,64,128,256,512,1024,2048,4096

CFFT-f32-BitReverse,1254,2816,5121,13052,29255,53980,130422,289804,542867,
CFFT-f32-NoBitReverse,1010,2324,4556,11183,25380,50038,114822,256882,508013,
RFFT-f32-NoBitReverse,n/a,1918,4080,7612,17969,39028,73492,169391,367671,
ComplexMag-f32,357,649,1233,2401,4737,9409,18753,37441,74817,
ComplexMagSquared-f32,193,325,581,1093,2117,4165,8261,16453,32837,
Goertzel_f32,241,428,812,1580,3119,6189,12332,24622,49197,
IIR-f32_df1-1Stage,410,709,1277,2413,4684,9227,18315,36495,72845,
IIR-f32_df2T-1Stage,452,800,1488,2864,5616,11119,22129,44143,88175,


Sample by Sample Tests
---------------------------------------------------------------

Iteration,0,1,2,3,4,5,6,7,8,9,10,11,12,13,14,15

PID-f32,16,16,16,16,16,16,16,16,16,16,16,16,16,16,16,16,
IIR-f31_64_df1-1Stage,113,115,115,115,115,115,115,115,115,115,115,115,115,115,115,
E-IIR-f32_df1-1Stage,56,58,58,58,58,58,58,58,58,58,58,58,58,58,58,58,