Cortex M4/7 Performance Test.
GCC Version: 5.4.1
LPC54114 -O3 HardABI
NOTES:
Cycle Offset: 1

Block Processing Functions
---------------------------------------------------------------

Length,16,32,64,128,256,512,1024,2048,4096
CFFT-q15-BitReverse,735,2144,3551,9796,17496,45762,84345,211703,862902,
CFFT-q15-NoBitReverse,600,1902,3091,8925,15725,42269,77214,197494,827374,
RFFT-Q15-BitReverse,n/a,1340,3243,5642,13871,25539,61743,116198,271208,
RFFT-Q15-NoBitReverse,n/a,1208,3004,5185,13003,23771,58251,109068,257000,
ComplexMag-q15,373,665,1249,2417,4753,9425,18769,37457,243969,
ComplexMagSquared-q15,162,267,475,891,1723,3389,6717,13373,26686,
IIR-q15_df1-1Stage,417,677,1189,2213,4261,8357,16549,32935,65705,
IIR-q15_df1-1Stage-fast,317,501,869,1605,3077,6021,11909,23685,47239,
FIR-q15_8tap,880,1602,3042,5916,11676,23196,46236,92316,n/a
FIR-q15_16tap,1141,2107,4035,7891,15605,31028,61875,123571,n/a
FIR-q15_32tap,1659,3105,5993,11769,23321,46424,92634,185049,n/a


Sample by Sample Tests
---------------------------------------------------------------

Iteration,0,1,2,3,4,5,6,7,8,9,10,11,12,13,14,15

PID-q15,41,39,39,39,39,39,39,39,39,39,39,39,39,39,39,

