Cortex M4/7 Performance Test.
GCC Version: 5.4.1
LPC54114 -O3 SoftABI
NOTES:
Cycle Offset: 5

Block Processing Functions
---------------------------------------------------------------

Length,16,32,64,128,256,512,1024,2048,4096

CFFT-f32-BitReverse,1237,2836,5135,13020,30189,53933,133188,298996,543614,
CFFT-f32-NoBitReverse,986,2310,4536,11003,25988,49657,116248,263000,505026,
RFFT-f32-NoBitReverse,n/a,1926,4160,7777,18270,40645,74833,174946,382594,
ComplexMag-f32,381,695,1305,2537,5001,9929,19785,39468,78419,
ComplexMagSquared-f32,207,345,611,1139,2195,4307,8531,16950,33371,
Goertzel_f32,740,1379,2659,5216,10334,20574,41060,82016,164173,
IIR-f32_df1-1Stage,428,738,1342,2535,4938,9737,19337,38537,76935,
IIR-f32_df2T-1Stage,452,798,1462,2789,5444,10758,21381,42629,85125,
FIR-f32_8tap,861,1515,2827,5451,10697,21193,42183,84169,n/a
FIR-f32_16tap,1378,2516,4796,9356,18479,36723,73198,146158,n/a
FIR-f32_32tap,2403,4497,8681,17049,33786,67257,134203,268088,n/a


Sample by Sample Tests
---------------------------------------------------------------

Iteration,0,1,2,3,4,5,6,7,8,9,10,11,12,13,14,15

PID-f32,94,94,94,94,94,94,94,94,94,94,94,94,94,94,94,94,
IIR-f31_64_df1-1Stage,113,113,113,113,113,113,113,113,113,113,113,113,113,113,113,
E-IIR-f32_df1-1Stage,117,121,121,121,121,121,121,121,121,121,121,121,121,121,121,121,

