Cortex M4/7 Performance Test.
GCC Version: 5.4.1
LPC54114 -O2 SoftABI
NOTES:
Cycle Offset: 5

Block Processing Functions
---------------------------------------------------------------

Length,16,32,64,128,256,512,1024,2048,4096
CFFT-q15-BitReverse,753,2162,3625,9922,17766,46172,85412,213327,888027,
CFFT-q15-NoBitReverse,616,1922,3163,9059,15995,42687,78285,199126,852506,
RFFT-Q15-BitReverse,n/a,1383,3321,5838,14248,26315,63170,119303,276919,
RFFT-Q15-NoBitReverse,n/a,1246,3085,5381,13390,24549,59687,112179,262723,
ComplexMag-q15,381,671,1253,2421,4757,9429,18773,37461,243973,
ComplexMagSquared-q15,170,270,479,899,1729,3393,6721,13377,26690,
IIR-q15_df1-1Stage,428,686,1198,2222,4266,8362,16554,32936,65706,
IIR-q15_df1-1Stage-fast,320,504,872,1608,3081,6027,11915,23689,47243,
FIR-q15_8tap,835,1501,2829,5485,10799,21425,42669,85164,n/a
FIR-q15_16tap,1067,1939,3675,7147,14092,27980,55754,111306,n/a
FIR-q15_32tap,1516,2792,5336,10424,20599,40953,81656,163064,n/a


Sample by Sample Tests
---------------------------------------------------------------

Iteration,0,1,2,3,4,5,6,7,8,9,10,11,12,13,14,15

PID-q15,162,162,162,162,162,162,162,162,162,162,162,162,162,162,162,