Cortex M4/7 Performance Test.
GCC Version: 5.4.1
LPC54114 -Og SoftABI
NOTES:
Cycle Offset: 5

Block Processing Functions
---------------------------------------------------------------

Length,16,32,64,128,256,512,1024,2048,4096

CFFT-f32-BitReverse,1298,2939,5985,14922,33764,67398,158023,352968,698391,
CFFT-f32-NoBitReverse,1065,2462,5435,13063,29904,63469,142431,319871,662959,
RFFT-f32-NoBitReverse,n/a,2218,4722,9495,21885,47635,95102,213371,463491,
ComplexMag-f32,378,686,1272,2456,4824,9560,19032,37976,75863,
ComplexMagSquared-f32,215,375,680,1288,2504,4936,9800,19528,38984,
Goertzel_f32,740,1379,2659,5216,10334,20574,41060,82016,164173,
IIR-f32_df1-1Stage,469,837,1560,2994,5877,11637,23157,46197,92275,
IIR-f32_df2T-1Stage,454,801,1481,2840,5559,11001,21880,43640,87160,
FIR-f32_8tap,864,1568,2972,5780,11394,22626,45088,90018,n/a
FIR-f32_16tap,1423,2655,5115,10035,19878,39562,78917,157637,n/a
FIR-f32_32tap,2534,4810,9358,18454,36647,73030,145800,291333,n/a


Sample by Sample Tests
---------------------------------------------------------------

Iteration,0,1,2,3,4,5,6,7,8,9,10,11,12,13,14,15

PID-f32,94,94,94,94,94,94,94,94,94,94,94,94,94,94,94,94,
IIR-f31_64_df1-1Stage,114,114,114,114,114,114,114,114,114,114,114,114,114,114,114,
E-IIR-f32_df1-1Stage,117,121,121,121,121,121,121,121,121,121,121,121,121,121,121,121,


