
Cortex M4/7 Performance Test.
GCC Version: 5.4.1
LPC54114 -O1 SoftABI
NOTES:
Cycle Offset: 5

Block Processing Functions
---------------------------------------------------------------

Length,16,32,64,128,256,512,1024,2048,4096

CFFT-f32-BitReverse,1259,2844,5203,13313,29993,55284,137191,300349,562695,
CFFT-f32-NoBitReverse,1019,2337,4625,11306,25811,51027,120263,264320,523859,
RFFT-f32-NoBitReverse,n/a,2110,4486,8452,19754,42827,80935,188427,403023,
ComplexMag-f32,364,656,1194,2282,4458,8810,17514,34922,69737,
ComplexMagSquared-f32,213,374,688,1312,2560,5056,10048,20003,39496,
Goertzel_f32,740,1379,2659,5216,10334,20574,41060,82016,164173,
IIR-f32_df1-1Stage,489,857,1589,3038,5953,11776,23424,46720,93310,
IIR-f32_df2T-1Stage,458,806,1494,2869,5620,11126,22133,44149,88181,
FIR-f32_8tap,948,1722,3266,6354,12528,24880,49582,98992,n/a
FIR-f32_16tap,1565,2917,5617,11017,21820,43424,86619,173019,n/a
FIR-f32_32tap,2785,5297,10317,20357,40438,80597,160919,321556,n/a


Sample by Sample Tests
---------------------------------------------------------------

Iteration,0,1,2,3,4,5,6,7,8,9,10,11,12,13,14,15

PID-f32,94,94,94,94,94,94,94,94,94,94,94,94,94,94,94,94,
IIR-f31_64_df1-1Stage,123,123,123,123,123,123,123,123,123,123,123,123,123,123,123,
E-IIR-f32_df1-1Stage,117,121,121,121,121,121,121,121,121,121,121,121,121,121,121,121,
