Cortex M4/7 Performance Test.
GCC Version: 5.4.1
LPC54114 -O3 SoftABI
NOTES:
Cycle Offset: 5

Block Processing Functions
---------------------------------------------------------------

Length,16,32,64,128,256,512,1024,2048,4096
CFFT-q31-BitReverse,1175,3987,6763,20077,35431,97209,176105,458086,843835,
CFFT-q31-NoBitReverse,1025,3714,6225,19067,33352,93117,167731,441288,809316,
RFFT-Q31-BitReverse,n/a,3166,7942,14655,35840,66939,160204,302077,710011,
RFFT-Q31-NoBitReverse,n/a,3018,7672,14122,34835,64862,156115,293708,693217,
ComplexMag-q31,459,835,1587,3093,6101,12117,24149,48213,253659,
ComplexMagSquared-q31,236,402,704,1320,2534,4966,9830,19559,39015,
IIR-q31_df1-1Stage,584,1001,1817,3449,6707,13237,26292,52404,104628,
IIR-q31_df1-1Stage-fast,1259,2350,4502,8806,17415,34632,69063,137927,275655,
IIR-q31_64_df1-1Staget,2451,4685,9141,18053,35878,71526,142822,285414,570598,
FIR-q31_8tap,1157,2100,3897,7572,14841,29458,58615,117010,n/a
FIR-q31_16tap,1533,2800,5105,9936,19376,38479,76464,152653,n/a
FIR-q31_32tap,2425,4513,8219,16097,31386,62434,124059,247777,n/a


Sample by Sample Tests
---------------------------------------------------------------

Iteration,0,1,2,3,4,5,6,7,8,9,10,11,12,13,14,15

PID-q31,156,156,156,156,156,156,156,156,156,156,156,156,156,156,156,
IIR-q32_64_df1-1Stage,321,323,323,323,323,323,323,323,323,323,323,323,323,323,323,
E-IIR-q31_64_df1-1Stage,385,389,389,389,389,389,389,389,389,389,389,389,389,389,389,
