Cortex M4/7 Performance Test.
GCC Version: 5.4.1
LPC54114 -Og HardABI
NOTES:
Cycle Offset: 3

Block Processing Functions
---------------------------------------------------------------

Length,16,32,64,128,256,512,1024,2048,4096
CFFT-q31-BitReverse,1606,5702,10391,30852,57802,156025,296873,756064,1453295,
CFFT-q31-NoBitReverse,1444,5431,9849,29844,55719,151935,288495,739268,1418772,
RFFT-Q31-BitReverse,n/a,5018,12595,24229,58576,113302,267079,519031,1200429,
RFFT-Q31-NoBitReverse,n/a,4866,12326,23687,57570,111219,262987,510653,1183634,
ComplexMag-q31,1039,2007,3943,7815,15561,31049,62025,123978,483498,
ComplexMagSquared-q31,352,641,1209,2345,4617,9161,18249,36426,72748,
IIR-q31_df1-1Stage,1627,3105,6049,11937,23713,47267,94370,188578,376996,
IIR-q31_df1-1Stage-fast,2154,4172,8204,16268,32396,64652,129164,258188,516236,
IIR-q31_64_df1-1Staget,2553,4931,9683,19187,38196,76212,152242,304306,608434,
FIR-q31_8tap,3312,6452,12736,25296,50433,100689,201222,402260,n/a
FIR-q31_16tap,5814,11424,22634,45056,89899,179587,358955,717697,n/a
FIR-q31_32tap,10869,21479,42665,85063,169832,339398,678504,1356742,n/a


Sample by Sample Tests
---------------------------------------------------------------

Iteration,0,1,2,3,4,5,6,7,8,9,10,11,12,13,14,15

PID-q31,63,63,63,63,63,63,63,63,63,63,63,63,63,63,63,
IIR-q32_64_df1-1Stage,315,317,317,317,317,317,317,317,317,317,317,317,317,317,317,
E-IIR-q31_64_df1-1Stage,185,186,186,186,186,186,186,186,186,186,186,186,186,186,186,
