Cortex M4/7 Performance Test.
GCC Version: 5.4.1
LPC54114 -O2 HardABI
NOTES:
Cycle Offset: 1

Block Processing Functions

---------------------------------------------------------------
Length,16,32,64,128,256,512,1024,2048,4096

CFFT-f32-BitReverse,1208,2684,5063,12803,28147,53395,129769,281378,539381,
CFFT-f32-NoBitReverse,979,2208,4522,10996,24388,49569,114631,249222,504956,
RFFT-f32-NoBitReverse,n/a,1881,3953,7559,17729,37929,72913,168741,359372,
ComplexMag-f32,360,668,1284,2516,4980,9908,19764,39477,78901,
ComplexMagSquared-f32,198,333,597,1125,2181,4293,8517,16936,33357,
Goertzel_f32,238,425,809,1577,3112,6186,12329,24616,49194,
IIR-f32_df1-1Stage,416,723,1307,2475,4811,9483,18827,37515,74887,
IIR-f32_df2T-1Stage,451,797,1485,2861,5615,11118,22125,44141,88173,
FIR-f32_8tap,857,1511,2813,5421,10637,21069,41933,83661,n/a
FIR-f32_16tap,1361,2481,4729,9225,18216,36199,72167,144105,n/a
FIR-f32_32tap,2337,4385,8481,16673,33056,65824,131360,262432,n/a


Sample by Sample Tests
---------------------------------------------------------------

Iteration,0,1,2,3,4,5,6,7,8,9,10,11,12,13,14,15

PID-f32,16,16,16,16,16,16,16,16,16,16,16,16,16,16,16,16,
IIR-f31_64_df1-1Stage,112,114,114,114,114,114,114,114,114,114,114,114,114,114,114,
E-IIR-f32_df1-1Stage,53,58,58,58,58,58,58,58,58,58,58,58,58,58,58,58,
