Cortex M4/7 Performance Test.
GCC Version: 5.4.1
LPC54114 -Os SoftABI
NOTES:
Cycle Offset: 5

Block Processing Functions
---------------------------------------------------------------

Length,16,32,64,128,256,512,1024,2048,4096
CFFT-q15-BitReverse,4615,12955,25437,65934,130235,320860,635863,1513352,2924796,
CFFT-q15-NoBitReverse,4472,12719,24973,65073,128462,317377,628732,1499153,2886072,
RFFT-Q15-BitReverse,n/a,7443,18602,36714,88476,175304,410986,816100,1871764,
RFFT-Q15-NoBitReverse,n/a,7299,18369,36254,87619,173535,407504,808971,1857569,
ComplexMag-q15,1050,2028,3986,7906,15746,31426,62786,125506,584962,
ComplexMagSquared-q15,556,1050,2043,4031,7997,15933,31805,63549,127038,
IIR-q15_df1-1Stage,3537,6833,13425,26609,52973,105709,211181,422123,844013,
IIR-q15_df1-1Stage-fast,2018,3818,7418,14618,29019,57821,115421,230619,461021,
FIR-q15_8tap,5528,10772,21252,42212,84134,167976,335652,671010,n/a
FIR-q15_16tap,9777,19177,37969,75553,150722,301058,601728,1203072,n/a
FIR-q15_32tap,18248,35960,71376,142208,283870,567200,1133856,2267168,n/a


Sample by Sample Tests
---------------------------------------------------------------

Iteration,0,1,2,3,4,5,6,7,8,9,10,11,12,13,14,15

PID-q15,162,162,162,162,162,162,162,162,162,162,162,162,162,162,162,


