Cortex M4/7 Performance Test.
GCC Version: 5.4.1
LPC54114 -O3 HardABI
NOTES:
Cycle Offset: 1

Block Processing Functions
---------------------------------------------------------------

Length,16,32,64,128,256,512,1024,2048,4096

CFFT-f32-BitReverse,1232,2831,5130,13015,30184,53928,133183,298991,543677,
CFFT-f32-NoBitReverse,980,2306,4532,10999,25984,49653,116244,262996,505094,
RFFT-f32-NoBitReverse,n/a,1924,4159,7775,18268,40644,74827,174943,382708,
ComplexMag-f32,375,679,1287,2503,4935,9799,19527,38986,77899,
ComplexMagSquared-f32,199,339,603,1131,2187,4299,8523,16972,33839,
Goertzel_f32,238,425,809,1577,3112,6186,12329,24616,49194,
IIR-f32_df1-1Stage,426,734,1334,2534,4934,9734,19334,38534,76930,
IIR-f32_df2T-1Stage,446,790,1454,2782,5440,10751,21374,42622,85118,
FIR-f32_8tap,853,1507,2817,5441,10689,21185,42177,84161,n/a
FIR-f32_16tap,1376,2512,4792,9352,18471,36710,73190,146152,n/a
FIR-f32_32tap,2398,4490,8674,17042,33777,67249,134193,268081,n/a


Sample by Sample Tests
---------------------------------------------------------------

Iteration,0,1,2,3,4,5,6,7,8,9,10,11,12,13,14,15

PID-f32,16,16,16,16,16,16,16,16,16,16,16,16,16,16,16,16,
IIR-f31_64_df1-1Stage,111,113,113,113,113,113,113,113,113,113,113,113,113,113,113,
E-IIR-f32_df1-1Stage,53,58,58,58,58,58,58,58,58,58,58,58,58,58,58,58,
