Cortex M4/7 Performance Test.
GCC Version: 5.4.1
LPC54114 -Os HardABI
NOTES:
Cycle Offset: 1

Block Processing Functions
---------------------------------------------------------------

Length,16,32,64,128,256,512,1024,2048,4096
CFFT-q15-BitReverse,741,2174,3786,10450,19287,50042,94979,235779,836067,
CFFT-q15-NoBitReverse,611,1950,3341,9619,17577,46681,88097,222078,801546,
RFFT-Q15-BitReverse,n/a,1541,3686,6722,16234,30767,72917,140128,321892,
RFFT-Q15-NoBitReverse,n/a,1414,3465,6280,15406,29061,69556,133247,308192,
ComplexMag-q15,647,1207,2327,4567,9047,18007,35927,71767,299378,
ComplexMagSquared-q15,189,306,546,1026,1986,3908,7748,15428,30789,
IIR-q15_df1-1Stage,522,926,1726,3326,6526,12926,25726,51328,102530,
IIR-q15_df1-1Stage-fast,400,672,1216,2304,4480,8832,17536,34944,69762,
FIR-q15_8tap,947,1705,3213,6223,12255,24319,48447,96703,n/a
FIR-q15_16tap,1369,2527,4839,9463,18713,37208,74199,148183,n/a
FIR-q15_32tap,2186,4112,7960,15656,31048,61832,123400,246536,n/a


Sample by Sample Tests
---------------------------------------------------------------

Iteration,0,1,2,3,4,5,6,7,8,9,10,11,12,13,14,15

PID-q15,41,42,42,42,42,42,42,42,42,42,42,42,42,42,42,


