Cortex M4/7 Performance Test.
GCC Version: 5.4.1
LPC54114 -O0 HardABI
NOTES:
Cycle Offset: 5

Block Processing Functions
---------------------------------------------------------------

Length,16,32,64,128,256,512,1024,2048,4096
CFFT-q15-BitReverse,4601,12848,25656,66092,132197,323743,648068,1533650,2941734,
CFFT-q15-NoBitReverse,4458,12612,25192,65231,130424,320260,640937,1519451,2902747,
RFFT-Q15-BitReverse,n/a,7431,18495,36935,88636,177268,413871,828307,1892064,
RFFT-Q15-NoBitReverse,n/a,7287,18262,36475,87779,175499,410389,821178,1877869,
ComplexMag-q15,1041,2011,3953,7841,15617,31169,62273,124481,593811,
ComplexMagSquared-q15,556,1054,2055,4059,8057,16057,32057,64057,128058,
IIR-q15_df1-1Stage,3525,6809,13369,26489,52725,105205,210165,420083,839925,
IIR-q15_df1-1Stage-fast,2020,3822,7422,14622,29023,57825,115425,230623,461025,
FIR-q15_8tap,5494,10696,21096,41896,83498,166700,333096,665894,n/a
FIR-q15_16tap,9686,18998,37614,74846,149311,298239,596093,1191805,n/a
FIR-q15_32tap,18055,35575,70607,140671,280797,561055,1121567,2242591,n/a


Sample by Sample Tests
---------------------------------------------------------------

Iteration,0,1,2,3,4,5,6,7,8,9,10,11,12,13,14,15

PID-q15,162,162,162,162,162,162,162,162,162,162,162,162,162,162,162,

