Cortex M4/7 Performance Test.
GCC Version: 5.4.1
LPC54114 -Og SoftABI
NOTES:
Cycle Offset: 5

Block Processing Functions
---------------------------------------------------------------

Length,16,32,64,128,256,512,1024,2048,4096
CFFT-q15-BitReverse,744,2358,3638,10849,17900,50143,85982,229293,1459544,
CFFT-q15-NoBitReverse,609,2131,3183,9994,16136,46666,78857,215100,1420825,
RFFT-Q15-BitReverse,n/a,1444,3635,6065,15581,27239,68699,122969,299053,
RFFT-Q15-NoBitReverse,n/a,1308,3411,5614,14730,25479,65223,115846,284864,
ComplexMag-q15,380,674,1264,2448,4816,9552,19024,37968,277580,
ComplexMagSquared-q15,170,279,496,932,1794,3522,6978,13890,27715,
IIR-q15_df1-1Stage,465,813,1501,2877,5625,11129,22137,44151,88185,
IIR-q15_df1-1Stage-fast,334,560,1008,1904,3697,7283,14451,28785,57459,
FIR-q15_8tap,893,1615,3055,5935,11697,23219,46255,92334,n/a
FIR-q15_16tap,1243,2287,4367,8527,16848,33488,66766,133326,n/a
FIR-q15_32tap,1933,3601,6929,13585,26896,53522,106769,213265,n/a


Sample by Sample Tests
---------------------------------------------------------------

Iteration,0,1,2,3,4,5,6,7,8,9,10,11,12,13,14,15

PID-q15,162,162,162,162,162,162,162,162,162,162,162,162,162,162,162,

