
Cortex M4/7 Performance Test.
GCC Version: 5.4.1
LPC54114 -O1 SoftABI
NOTES:
Cycle Offset: 5

Block Processing Functions
---------------------------------------------------------------

Length,16,32,64,128,256,512,1024,2048,4096
CFFT-q15-BitReverse,758,2174,3607,9941,17635,46271,84619,213241,1298658,
CFFT-q15-NoBitReverse,620,1944,3149,9083,15868,42791,77491,199045,1259674,
RFFT-Q15-BitReverse,n/a,1414,3359,5846,14293,26210,63295,118538,276861,
RFFT-Q15-NoBitReverse,n/a,1275,3132,5392,13439,24447,59816,111412,262669,
ComplexMag-q15,377,675,1273,2473,4873,9673,19273,38473,254348,
ComplexMagSquared-q15,166,262,463,867,1665,3265,6465,12865,25666,
IIR-q15_df1-1Stage,477,756,1316,2436,4672,9152,18112,36030,71872,
IIR-q15_df1-1Stage-fast,342,544,944,1744,3345,6547,12947,25745,51347,
FIR-q15_8tap,835,1494,2809,5438,10699,21218,42249,84317,n/a
FIR-q15_16tap,1096,2000,3800,7400,14601,29001,57799,115399,n/a
FIR-q15_32tap,1601,2969,5697,11153,22064,43890,87537,174833,n/a


Sample by Sample Tests
---------------------------------------------------------------

Iteration,0,1,2,3,4,5,6,7,8,9,10,11,12,13,14,15

PID-q15,162,162,162,162,162,162,162,162,162,162,162,162,162,162,162,

