Cortex M4/7 Performance Test.
GCC Version: 5.4.1
LPC54114 -Og SoftABI
NOTES:
Cycle Offset: 5

Block Processing Functions
---------------------------------------------------------------

Length,16,32,64,128,256,512,1024,2048,4096
CFFT-q31-BitReverse,1616,5716,10414,30788,57843,155622,296985,754128,1453680,
CFFT-q31-NoBitReverse,1463,5450,9880,29783,55768,151535,288610,737336,1419149,
RFFT-Q31-BitReverse,n/a,4921,12377,23796,57611,111545,263085,511967,1184149,
RFFT-Q31-NoBitReverse,n/a,4768,12114,23267,56609,109472,258999,503597,1167362,
ComplexMag-q31,1054,2030,3982,7888,15696,31312,62544,125009,482658,
ComplexMagSquared-q31,359,653,1235,2411,4745,9417,18761,37450,74796,
IIR-q31_df1-1Stage,1649,3141,6109,12045,23911,47657,95144,190120,380072,
IIR-q31_df1-1Stage-fast,2191,4249,8361,16585,33034,65931,131722,263306,526474,
IIR-q31_64_df1-1Staget,2594,5008,9824,19456,38721,77249,154305,308417,616641,
FIR-q31_8tap,3331,6495,12839,25503,50855,101533,202917,405661,n/a
FIR-q31_16tap,5846,11495,22794,45383,90569,180934,361673,723140,n/a
FIR-q31_32tap,10907,21559,42845,85431,170588,340920,681565,1362871,n/a


Sample by Sample Tests
---------------------------------------------------------------

Iteration,0,1,2,3,4,5,6,7,8,9,10,11,12,13,14,15

PID-q31,156,156,156,156,156,156,156,156,156,156,156,156,156,156,156,
IIR-q32_64_df1-1Stage,315,317,317,317,317,317,317,317,317,317,317,317,317,317,317,
E-IIR-q31_64_df1-1Stage,385,389,389,389,389,389,389,389,389,389,389,389,389,389,389,
