Cortex M4/7 Performance Test.
GCC Version: 5.4.1
LPC54114 -Os SoftABI
NOTES:
Cycle Offset: 5

Block Processing Functions
---------------------------------------------------------------

Length,16,32,64,128,256,512,1024,2048,4096

CFFT-f32-BitReverse,3085,7232,16947,42146,94721,203789,475244,1038190,2189602,
CFFT-f32-NoBitReverse,2827,6708,16348,40122,90522,199515,458295,1002196,2151016,
RFFT-f32-NoBitReverse,n/a,5268,11559,25562,59331,129058,272438,612492,1312896,
ComplexMag-f32,1124,2182,4280,8488,16904,33736,67400,134638,267844,
ComplexMagSquared-f32,661,1251,2436,4804,9540,19012,37956,75816,151089,
Goertzel_f32,740,1379,2659,5216,10334,20574,41060,82016,164173,
IIR-f32_df1-1Stage,942,1713,3253,6318,12465,24752,49328,98480,196782,
IIR-f32_df2T-1Stage,458,806,1494,2869,5620,11126,22133,44149,88181,
FIR-f32_8tap,2992,5744,11244,22244,44242,88242,176240,352242,n/a
FIR-f32_16tap,5359,10377,20413,40485,80632,160924,321495,642647,n/a
FIR-f32_32tap,10096,19640,38724,76892,153229,305900,611246,1221931,n/a


Sample by Sample Tests
---------------------------------------------------------------

Iteration,0,1,2,3,4,5,6,7,8,9,10,11,12,13,14,15

PID-f32,94,94,94,94,94,94,94,94,94,94,94,94,94,94,94,94,
IIR-f31_64_df1-1Stage,224,224,224,224,224,224,224,224,224,224,224,224,224,224,224,
E-IIR-f32_df1-1Stage,117,121,121,121,121,121,121,121,121,121,121,121,121,121,121,121,


