Cortex M4/7 Performance Test.
GCC Version: 5.4.1
LPC54114 -O1 HardABI
NOTES:
Cycle Offset: 3

Block Processing Functions
---------------------------------------------------------------

Length,16,32,64,128,256,512,1024,2048,4096
CFFT-q31-BitReverse,1483,5224,9442,28015,51825,140257,264056,674956,1285964,
CFFT-q31-NoBitReverse,1320,4954,8903,27004,49745,136164,255675,658158,1251430,
RFFT-Q31-BitReverse,n/a,4757,11851,22755,54705,105268,247202,478009,1102927,
RFFT-Q31-NoBitReverse,n/a,4603,11580,22217,53692,103185,243109,469629,1086126,
ComplexMag-q31,1089,2101,4125,8173,16269,32461,64845,129614,479536,
ComplexMagSquared-q31,399,721,1353,2619,5147,10203,20315,40540,80988,
IIR-q31_df1-1Stage,1504,2813,5405,10589,20957,41699,83168,166112,332000,
IIR-q31_df1-1Stage-fast,2190,4189,8173,16141,32083,63951,127695,255181,510157,
IIR-q31_64_df1-1Staget,2610,4991,9735,19223,38199,76151,152055,303863,607481,
FIR-q31_8tap,3018,5808,11394,22576,44933,89651,179078,357940,n/a
FIR-q31_16tap,5402,10549,20812,41365,82443,164628,328971,657684,n/a
FIR-q31_32tap,10109,19895,39391,78455,156511,312695,624992,1249658,n/a


Sample by Sample Tests
---------------------------------------------------------------

Iteration,0,1,2,3,4,5,6,7,8,9,10,11,12,13,14,15

PID-q31,57,56,56,56,56,56,56,56,56,56,56,56,56,56,56,
IIR-q32_64_df1-1Stage,340,344,344,344,344,344,344,344,344,344,344,344,344,344,344,
E-IIR-q31_64_df1-1Stage,179,180,180,180,180,180,180,180,180,180,180,180,180,180,180,

