Cortex M4/7 Performance Test.

GCC Version: 5.4.1

LPC4370 -O1 HardABI

NOTES: 

Cycle Offset: 3



Block Processing Functions

---------------------------------------------------------------



Length,16,32,64,128,256,512,1024,2048,4096

RFFT-f32-NoBitReverse,n/a,1785,3908,7328,17200,37163,70114,162088,346843,

Goertzel_f32,227,419,802,1571,3107,6179,12323,24611,49187,

IIR-f32_df1-1Stage,403,715,1339,2587,5083,10075,20059,40027,79967,

IIR-f32_df2T-1Stage,371,667,1259,2443,4811,9547,19019,37963,75851,

FIR-f32_8tap,804,1442,2718,5270,10374,20582,40998,81830,n/a

FIR-f32_16tap,1312,2410,4606,8998,17782,35350,70486,140758,n/a

FIR-f32_32tap,2328,4350,8381,16453,32597,64885,129461,258613,n/a





Sample by Sample Tests

---------------------------------------------------------------



Iteration,0,1,2,3,4,5,6,7,8,9,10,11,12,13,14,15



PID-f32,34,34,34,34,34,34,34,34,34,34,34,34,34,34,34,34,

IIR-f31_64_df1-1Stage,107,107,107,107,107,107,107,107,107,107,107,107,107,107,107,

E-IIR-f32_df1-1Stage,54,54,54,54,54,54,54,54,54,54,54,54,54,54,54,54,