Cortex M4/7 Performance Test.

GCC Version: 5.4.1

LPC4370 -Os SoftABI

NOTES: 

Cycle Offset: 5



Block Processing Functions

---------------------------------------------------------------



Length,16,32,64,128,256,512,1024,2048,4096

RFFT-f32-NoBitReverse,n/a,5968,12875,28948,67721,144957,311189,702474,1483653,

Goertzel_f32,858,1625,3162,6233,12377,24665,49241,98394,196698,

IIR-f32_df1-1Stage,1134,2058,3906,7602,14994,29778,59346,118484,236754,

IIR-f32_df2T-1Stage,374,670,1262,2446,4815,9551,19023,37967,75855,

FIR-f32_8tap,3600,6922,13566,26854,53431,106583,212887,425495,n/a

FIR-f32_16tap,6421,12407,24379,48323,96211,191987,383539,766643,n/a

FIR-f32_32tap,12061,23375,46003,91259,181771,362795,724843,1448939,n/a





Sample by Sample Tests

---------------------------------------------------------------



Iteration,0,1,2,3,4,5,6,7,8,9,10,11,12,13,14,15



PID-f32,98,98,98,98,98,98,98,98,98,98,98,98,98,98,98,98,

IIR-f31_64_df1-1Stage,289,289,289,289,289,289,289,289,289,289,289,289,289,289,289,

E-IIR-f32_df1-1Stage,140,140,140,140,140,140,140,140,140,140,140,140,140,140,140,140,
