Cortex M4/7 Performance Test.
GCC Version: 5.4.1
LPC54114 -Og HardABI
NOTES:
Cycle Offset: 3

Block Processing Functions
---------------------------------------------------------------

Length,16,32,64,128,256,512,1024,2048,4096

CFFT-f32-BitReverse,1287,2970,5951,14863,33895,66990,157381,353687,695624,
CFFT-f32-NoBitReverse,1042,2470,5372,12862,29719,62739,140451,317654,656797,
RFFT-f32-NoBitReverse,n/a,2201,4751,9463,21825,47766,94692,212729,464328,
ComplexMag-f32,406,732,1373,2652,5212,10332,20572,41053,81984,
ComplexMagSquared-f32,215,375,677,1285,2502,4934,9797,19526,38982,
Goertzel_f32,385,717,1388,2733,5421,10801,21549,43053,86300,
IIR-f32_df1-1Stage,457,816,1512,2904,5688,11256,22392,44664,89210,
IIR-f32_df2T-1Stage,454,802,1490,2866,5622,11122,22130,44146,88178,
FIR-f32_8tap,866,1582,3014,5878,11607,23063,45977,91801,n/a
FIR-f32_16tap,1435,2685,5172,10156,20124,40060,79933,159685,n/a
FIR-f32_32tap,2560,4870,9490,18730,37210,74170,148093,295930,n/a


Sample by Sample Tests
---------------------------------------------------------------

Iteration,0,1,2,3,4,5,6,7,8,9,10,11,12,13,14,15

PID-f32,39,39,39,39,39,39,39,39,39,39,39,39,39,39,39,39,
IIR-f31_64_df1-1Stage,116,116,116,116,116,116,116,116,116,116,116,116,116,116,116,
E-IIR-f32_df1-1Stage,58,59,59,59,59,59,59,59,59,59,59,59,59,59,59,59,
