Cortex M4/7 Performance Test.
GCC Version: 5.4.1
LPC54114 -O1 HardABI
NOTES:
Cycle Offset: 3

Block Processing Functions
---------------------------------------------------------------
Length,16,32,64,128,256,512,1024,2048,4096

CFFT-f32-BitReverse,1263,2839,5076,13049,28943,53137,131040,286526,537167,
CFFT-f32-NoBitReverse,1028,2376,4552,11245,25196,49323,115905,254382,502754,
RFFT-f32-NoBitReverse,n/a,2078,4416,8159,19133,41035,77276,179236,382964,
ComplexMag-f32,352,620,1149,2204,4316,8540,16988,33884,67675,
ComplexMagSquared-f32,211,377,689,1311,2559,5057,10049,20004,39498,
Goertzel_f32,243,434,818,1587,3127,6195,12339,24627,49208,
IIR-f32_df1-1Stage,481,840,1536,2928,5715,11281,22417,44689,89233,
IIR-f32_df2T-1Stage,449,793,1457,2788,5439,10753,21377,42625,85121,
FIR-f32_8tap,951,1723,3267,6355,12532,24884,49590,98998,n/a
FIR-f32_16tap,1563,2917,5621,11029,21846,43478,86741,173277,n/a
FIR-f32_32tap,2768,5276,10292,20324,40388,80519,160773,321285,n/a


Sample by Sample Tests
---------------------------------------------------------------
Iteration,0,1,2,3,4,5,6,7,8,9,10,11,12,13,14,15

PID-f32,33,33,33,33,33,33,33,33,33,33,33,33,33,33,33,33,
IIR-f31_64_df1-1Stage,119,121,121,121,121,121,121,121,121,121,121,121,121,121,121,
E-IIR-f32_df1-1Stage,54,55,55,55,55,55,55,55,55,55,55,55,55,55,55,55,
