Cortex M4/7 Performance Test.

GCC Version: 5.4.1

LPC4370 -Og SoftABI

NOTES: 

Cycle Offset: 5



Block Processing Functions

---------------------------------------------------------------



Length,16,32,64,128,256,512,1024,2048,4096

RFFT-f32-NoBitReverse,n/a,1894,4094,8204,18842,40885,81962,184887,396689,

Goertzel_f32,858,1625,3162,6233,12377,24665,49241,98394,196698,

IIR-f32_df1-1Stage,387,699,1323,2571,5067,10059,20043,40013,79947,

IIR-f32_df2T-1Stage,374,670,1262,2446,4815,9551,19023,37967,75855,

FIR-f32_8tap,705,1277,2421,4709,9286,18438,36742,73350,n/a

FIR-f32_16tap,1164,2152,4128,8080,15984,31792,63408,126640,n/a

FIR-f32_32tap,2080,3900,7540,14820,29380,58500,116740,233220,n/a





Sample by Sample Tests

---------------------------------------------------------------



Iteration,0,1,2,3,4,5,6,7,8,9,10,11,12,13,14,15



PID-f32,98,98,98,98,98,98,98,98,98,98,98,98,98,98,98,98,

IIR-f31_64_df1-1Stage,102,102,102,102,102,102,102,102,102,102,102,102,102,102,102,

E-IIR-f32_df1-1Stage,140,140,140,140,140,140,140,140,140,140,140,140,140,140,140,140,