Cortex M4/7 Performance Test.
GCC Version: 5.4.1
LPC54114 -O0 HardABI
NOTES:
Cycle Offset: 5

Block Processing Functions
Length,16,32,64,128,256,512,1024,2048,4096

CFFT-f32-BitReverse,3099,7198,17026,42506,95415,206413,482116,1051961,2225417,
CFFT-f32-NoBitReverse,2851,6706,16465,40634,91542,202471,466513,1018849,2189975,
RFFT-f32-NoBitReverse,n/a,5457,11894,26399,61208,132803,281193,631636,1351219,
ComplexMag-f32,1141,2208,4335,8589,17101,34125,68173,136180,270922,
ComplexMagSquared-f32,647,1231,2399,4735,9407,18751,37439,74787,149066,
Goertzel_f32,743,1376,2659,5216,10334,20576,41054,82016,164173,
IIR-f32_df1-1Stage,949,1737,3309,6438,12713,25256,50344,100520,200870,
IIR-f32_df2T-1Stage,452,798,1462,2789,5444,10758,21381,42629,85125,
FIR-f32_8tap,3006,5763,11279,22311,44373,88501,176755,353269,n/a
FIR-f32_16tap,5381,10421,20501,40661,80984,161628,322903,645463,n/a
FIR-f32_32tap,10135,19707,38847,77127,153688,306807,613049,1225528,n/a


Sample by Sample Tests
---------------------------------------------------------------

Iteration,0,1,2,3,4,5,6,7,8,9,10,11,12,13,14,15

PID-f32,94,94,94,94,94,94,94,94,94,94,94,94,94,94,94,94,
IIR-f31_64_df1-1Stage,227,227,227,227,227,227,227,227,227,227,227,227,227,227,227,
E-IIR-f32_df1-1Stage,110,114,114,114,114,114,114,114,114,114,114,114,114,114,114,114,
