Cortex M4/7 Performance Test.

GCC Version: 5.4.1

LPC4370 -O3 HardABI

NOTES: 

Cycle Offset: 1



Block Processing Functions

---------------------------------------------------------------



Length,16,32,64,128,256,512,1024,2048,4096

RFFT-f32-NoBitReverse,n/a,1564,3479,6716,15635,34325,65147,149350,323899,

Goertzel_f32,223,411,798,1564,3102,6174,12318,24604,49182,

IIR-f32_df1-1Stage,388,684,1278,2460,4828,9564,19036,37980,75868,

IIR-f32_df2T-1Stage,373,669,1261,2445,4813,9549,19021,37965,75853,

FIR-f32_8tap,838,1474,2746,5290,10378,20554,40906,81610,n/a

FIR-f32_16tap,1362,2472,4692,9132,18012,35772,71292,142332,n/a

FIR-f32_32tap,2410,4468,8584,16816,33279,66207,132063,263775,n/a





Sample by Sample Tests

---------------------------------------------------------------



Iteration,0,1,2,3,4,5,6,7,8,9,10,11,12,13,14,15



PID-f32,12,12,12,12,12,12,12,12,12,12,12,12,12,12,12,12,

IIR-f31_64_df1-1Stage,108,108,108,108,108,108,108,108,108,108,108,108,108,108,108,

E-IIR-f32_df1-1Stage,52,52,52,52,52,52,52,52,52,52,52,52,52,52,52,52,