Cortex M4/7 Performance Test.
GCC Version: 5.4.1
LPC54114 -Os HardABI
NOTES:
Cycle Offset: 1

Block Processing Functions
---------------------------------------------------------------

Length,16,32,64,128,256,512,1024,2048,4096
CFFT-q31-BitReverse,1181,4031,6665,20078,34753,96626,172481,453905,827108,
CFFT-q31-NoBitReverse,1032,3769,6134,19077,32681,92545,164111,437119,792590,
RFFT-Q31-BitReverse,n/a,3514,8682,15956,38651,71884,170877,320974,751121,
RFFT-Q31-NoBitReverse,n/a,3363,8422,15427,37650,69814,166798,312602,734335,
ComplexMag-q31,767,1449,2829,5581,11085,22093,44109,88141,308715,
ComplexMagSquared-q31,257,437,791,1493,2901,5715,11347,22612,45106,
IIR-q31_df1-1Stage,605,1074,2002,3858,7570,14997,29844,59541,118934,
IIR-q31_df1-1Stage-fast,1123,2087,4007,7847,15527,30887,61609,123049,245926,
IIR-q31_64_df1-1Staget,2046,3880,7544,14872,29528,58840,117462,234710,469205,
FIR-q31_8tap,2114,4030,7959,15710,31320,62431,124764,249308,n/a
FIR-q31_16tap,3571,6896,13720,27184,54299,108339,216604,432945,n/a
FIR-q31_32tap,6549,12787,25610,50899,101835,203348,406732,813140,n/a


Sample by Sample Tests
---------------------------------------------------------------

Iteration,0,1,2,3,4,5,6,7,8,9,10,11,12,13,14,15

PID-q31,34,34,34,34,34,34,34,34,34,34,34,34,34,34,34,
IIR-q32_64_df1-1Stage,340,344,344,344,344,344,344,344,344,344,344,344,344,344,344,
E-IIR-q31_64_df1-1Stage,164,166,166,166,166,166,166,166,166,166,166,166,166,166,166,

