Cortex M4/7 Performance Test.
GCC Version: 5.4.1
LPC54114 -Og HardABI
NOTES:
Cycle Offset: 3

Block Processing Functions
---------------------------------------------------------------

Length,16,32,64,128,256,512,1024,2048,4096
CFFT-q15-BitReverse,748,2355,3635,10836,17897,50138,85973,229288,1463616,
CFFT-q15-NoBitReverse,607,2127,3179,9984,16130,46664,78851,215098,1424903,
RFFT-Q15-BitReverse,n/a,1442,3634,6067,15570,27239,68698,122965,299051,
RFFT-Q15-NoBitReverse,n/a,1311,3409,5611,14720,25472,65222,115843,284862,
ComplexMag-q15,374,670,1262,2446,4816,9552,19024,37968,277580,
ComplexMagSquared-q15,166,278,494,926,1790,3518,6974,13886,27711,
IIR-q15_df1-1Stage,456,804,1492,2868,5620,11127,22135,44149,88181,
IIR-q15_df1-1Stage-fast,333,559,1007,1903,3695,7279,14445,28781,57453,
FIR-q15_8tap,889,1611,3051,5931,11694,23214,46254,92334,n/a
FIR-q15_16tap,1240,2284,4362,8522,16845,33485,66765,133325,n/a
FIR-q15_32tap,1933,3591,6919,13575,26887,53511,106762,213257,n/a


Sample by Sample Tests
---------------------------------------------------------------

Iteration,0,1,2,3,4,5,6,7,8,9,10,11,12,13,14,15

PID-q15,43,43,43,43,43,43,43,43,43,43,43,43,43,43,43,


