Cortex M4/7 Performance Test.
GCC Version: 5.4.1
LPC54114 -O0 HardABI
NOTES:
Cycle Offset: 5

Block Processing Functions
---------------------------------------------------------------

Length,16,32,64,128,256,512,1024,2048,4096
CFFT-q31-BitReverse,3790,13697,22549,69721,119842,338450,598751,1593882,2878710,
CFFT-q31-NoBitReverse,3625,13415,21996,68699,117748,334346,590359,1577073,2844166,
RFFT-Q31-BitReverse,n/a,9509,25300,45931,116654,213878,526695,975411,2347373,
RFFT-Q31-NoBitReverse,n/a,9346,25021,45381,115635,211786,522592,967024,2330569,
ComplexMag-q31,2164,4248,8416,16754,33426,66770,133458,266835,1081977,
ComplexMagSquared-q31,1122,2166,4244,8412,16730,33370,66650,133211,266209,
IIR-q31_df1-1Stage,2571,4955,9707,19211,38213,76231,152263,304327,608455,
IIR-q31_df1-1Stage-fast,3523,6820,13404,26572,52909,105581,210925,421613,842989,
IIR-q31_64_df1-1Staget,5179,10118,19990,39734,79223,158199,316151,632055,1263863,
FIR-q31_8tap,5013,9748,18937,37588,74617,148946,297335,594386,n/a
FIR-q31_16tap,8858,17336,33710,67032,133101,265815,530669,1060949,n/a
FIR-q31_32tap,16761,32938,64155,127722,253722,506859,1011995,2023402,n/a


Sample by Sample Tests
---------------------------------------------------------------

Iteration,0,1,2,3,4,5,6,7,8,9,10,11,12,13,14,15

PID-q31,156,156,156,156,156,156,156,156,156,156,156,156,156,156,156,
IIR-q32_64_df1-1Stage,567,567,567,567,567,567,567,567,567,567,567,567,567,567,567,
E-IIR-q31_64_df1-1Stage,385,389,389,389,389,389,389,389,389,389,389,389,389,389,389,

