ARMCC Version: 5060422
LPC54114 -O3 HardABI
NOTES:
Cycle Offset: 1

Block Processing Functions
Length,16,32,64,128,256,512,1024,2048,4096

CFFT-f32-BitReverse,1251,2724,5035,13131,28852,56302,138535,299867,587164,
CFFT-f32-NoBitReverse,1012,2240,4484,11268,24986,52371,122939,266952,551820,
RFFT-f32-NoBitReverse,n/a,2000,4151,7849,18691,39903,78376,182620,387973,
ComplexMag-f32,478,895,1728,3392,6720,13376,26688,53311,105534,
ComplexMagSquared-f32,209,374,686,1310,2558,5054,10047,20033,39490,Cortex M4/7 Performance Test.
ARMCC Version: 5060422
LPC54114 -O3 HardABI
NOTES:
Cycle Offset: 1

Block Processing Functions
---------------------------------------------------------------

Length,16,32,64,128,256,512,1024,2048,4096

CFFT-f32-BitReverse,1245,2707,4997,13079,28678,55942,138082,298438,584146,
CFFT-f32-NoBitReverse,1012,2236,4463,11268,24928,52123,122939,266470,549810,
RFFT-f32-NoBitReverse,n/a,1995,4133,7813,18640,39731,78020,
ComplexMag-f32,480,896,1726,3390,6718,13374,26688,53309,105535,
ComplexMagSquared-f32,211,376,688,1310,2559,5055,10047,20030,39486,
Goertzel_f32,313,569,1081,2104,4153,8252,16444,32828,65596,
IIR-f32_df1-1Stage,411,728,1351,2595,5090,10081,20068,40035,79969,
IIR-f32_df2T-1Stage,369,633,1145,2169,4217,8316,16507,32891,65658,
FIR-f32_8tap,792,1408,2640,5104,10034,19885,39598,79023,n/a
FIR-f32_16tap,1275,2324,4412,8588,16940,33644,67053,133866,n/a
FIR-f32_32tap,2211,4113,7913,15514,30714,61112,121912,243513,n/a


Sample by Sample Tests
---------------------------------------------------------------

Iteration,0,1,2,3,4,5,6,7,8,9,10,11,12,13,14,15

PID-f32,31,32,32,32,32,32,32,32,32,32,32,32,32,32,32,32,
IIR-f31_64_df1-1Stage,114,114,114,114,114,114,114,114,114,114,114,114,114,114,114,
E-IIR-f32_df1-1Stage,61,63,63,63,63,63,63,63,63,63,63,63,63,63,63,63,
