ARMCC Version: 5060422
LPC54114 -O3 HardABI
NOTES:
Cycle Offset: 1

Block Processing Functions
---------------------------------------------------------------

Length,16,32,64,128,256,512,1024,2048,4096
CFFT-q15-BitReverse,794,2199,4004,10475,20062,50093,97621,235144,850245,
CFFT-q15-NoBitReverse,668,1975,3558,9647,18352,46732,90743,221443,815836,
RFFT-Q15-BitReverse,n/a,1541,3593,6695,15757,30528,70926,139191,314092,
RFFT-Q15-NoBitReverse,n/a,1413,3372,6249,14929,28819,67567,132312,300394,
ComplexMag-q15,511,953,1831,3591,7112,14151,28233,56393,269847,
ComplexMagSquared-q15,154,256,457,859,1659,3259,6458,12857,25657,
IIR-q15_df1-1Stage,403,669,1196,2250,4362,8586,17034,33929,67722,
IIR-q15_df1-1Stage-fast,317,511,895,1663,3199,6269,12415,24702,49278,
FIR-q15_8tap,1095,2043,3939,7731,15320,30482,60818,121490,n/a
FIR-q15_16tap,1749,3339,6515,12867,25571,50978,101794,203426,n/a
FIR-q15_32tap,3062,5932,11669,23141,46083,91971,183747,367299,n/a


Sample by Sample Tests
---------------------------------------------------------------

Iteration,0,1,2,3,4,5,6,7,8,9,10,11,12,13,14,15

PID-q15,36,38,38,38,38,38,38,38,38,38,38,38,38,38,38,


