ARMCC Version: 5060422
LPC54114 -O3 HardABI
NOTES:
Cycle Offset: 1

Block Processing Functions
---------------------------------------------------------------

Length,16,32,64,128,256,512,1024,2048,4096
CFFT-q31-BitReverse,1144,3411,6685,17917,35553,89443,178202,429894,857951,
CFFT-q31-NoBitReverse,992,3142,6138,16890,33420,85239,169585,412709,822527,
RFFT-Q31-BitReverse,n/a,2345,5746,11292,27069,53794,125858,250970,575355,
RFFT-Q31-NoBitReverse,n/a,2192,5478,10747,26043,51663,121655,242351,558172,
ComplexMag-q31,649,1223,2375,4679,9287,18503,36937,73803,273119,
ComplexMagSquared-q31,205,362,666,1276,2492,4924,9788,19518,38972,
IIR-q31_df1-1Stage,550,974,1815,3493,6853,13571,27015,53893,107652,
IIR-q31_df1-1Stage-fast,446,772,1414,2696,5253,10374,20614,41094,82056,
IIR-q31_64_df1-1Staget,2178,4205,8253,16346,32539,64920,129689,259225,518298,
FIR-q31_8tap,1428,2698,5097,10026,19753,39340,78379,156588,n/a
FIR-q31_16tap,2240,4279,8116,16024,31605,63003,125555,250901,n/a
FIR-q31_32tap,3935,7605,14516,28757,56820,113365,226037,451798,n/a


Sample by Sample Tests
---------------------------------------------------------------

Iteration,0,1,2,3,4,5,6,7,8,9,10,11,12,13,14,15

PID-q31,29,29,29,29,29,29,29,29,29,29,29,29,29,29,29,
IIR-q32_64_df1-1Stage,296,298,298,298,298,298,298,298,298,298,298,298,298,298,298,
E-IIR-q31_64_df1-1Stage,170,171,171,171,171,171,171,171,171,171,171,171,171,171,171,


