Cortex M4/7 Performance Test.

GCC Version: 5.4.1

LPC4370 -Og HardABI

NOTES: 

Cycle Offset: 3



Block Processing Functions

---------------------------------------------------------------



Length,16,32,64,128,256,512,1024,2048,4096

RFFT-f32-NoBitReverse,n/a,1894,4092,8202,18839,40883,81959,184885,396687,

Goertzel_f32,366,701,1374,2717,5405,10781,21533,43037,86045,

IIR-f32_df1-1Stage,384,696,1320,2568,5064,10056,20040,40008,79948,

IIR-f32_df2T-1Stage,371,667,1259,2443,4811,9547,19019,37963,75851,

FIR-f32_8tap,703,1275,2419,4707,9283,18435,36739,73347,n/a

FIR-f32_16tap,1161,2149,4125,8077,15981,31789,63405,126637,n/a

FIR-f32_32tap,2077,3898,7536,14816,29376,58496,116736,233216,n/a





Sample by Sample Tests

---------------------------------------------------------------



Iteration,0,1,2,3,4,5,6,7,8,9,10,11,12,13,14,15



PID-f32,37,37,37,37,37,37,37,37,37,37,37,37,37,37,37,37,

IIR-f31_64_df1-1Stage,103,103,103,103,103,103,103,103,103,103,103,103,103,103,103,

E-IIR-f32_df1-1Stage,54,54,54,54,54,54,54,54,54,54,54,54,54,54,54,54,