Cortex M4/7 Performance Test.
GCC Version: 5.4.1
LPC54114 -O2 SoftABI
NOTES:
Cycle Offset: 5

Block Processing Functions
---------------------------------------------------------------

Length,16,32,64,128,256,512,1024,2048,4096
CFFT-q31-BitReverse,1183,3998,6854,20246,35970,98274,179036,463946,858817,
CFFT-q31-NoBitReverse,1024,3712,6303,19223,33878,94169,170649,447135,824285,
RFFT-Q31-BitReverse,n/a,3248,8107,15060,36645,68752,163825,310122,726104,
RFFT-Q31-NoBitReverse,n/a,3088,7823,14513,35624,66661,159720,301739,709297,
ComplexMag-q31,482,886,1694,3312,6544,13008,25936,51792,257519,
ComplexMagSquared-q31,242,402,704,1321,2535,4967,9831,19560,39016,
IIR-q31_df1-1Stage,566,954,1722,3258,6324,12470,24757,49333,98485,
IIR-q31_df1-1Stage-fast,1248,2325,4453,8709,17222,34247,68294,136390,272583,
IIR-q31_64_df1-1Staget,2473,4731,9235,18243,36260,72292,144356,288484,576740,
FIR-q31_8tap,1162,2121,3966,7721,15166,30119,59964,119719,n/a
FIR-q31_16tap,1557,2850,5225,10178,19880,39489,78504,156735,n/a
FIR-q31_32tap,2428,4517,8238,16133,31469,62598,124398,248453,n/a


Sample by Sample Tests
---------------------------------------------------------------

Iteration,0,1,2,3,4,5,6,7,8,9,10,11,12,13,14,15

PID-q31,156,156,156,156,156,156,156,156,156,156,156,156,156,156,156,
IIR-q32_64_df1-1Stage,303,305,305,305,305,305,305,305,305,305,305,305,305,305,305,
E-IIR-q31_64_df1-1Stage,385,389,389,389,389,389,389,389,389,389,389,389,389,389,389,

