Cortex M4/7 Performance Test.

GCC Version: 5.4.1

LPC4370 -O1 SoftABI

NOTES: 

Cycle Offset: 5



Block Processing Functions

---------------------------------------------------------------



Length,16,32,64,128,256,512,1024,2048,4096

RFFT-f32-NoBitReverse,n/a,1785,3910,7330,17203,37165,70117,162090,346845,

Goertzel_f32,858,1625,3162,6233,12377,24665,49241,98394,196698,

IIR-f32_df1-1Stage,406,718,1342,2590,5086,10078,20062,40032,79966,

IIR-f32_df2T-1Stage,374,670,1262,2446,4815,9551,19023,37967,75855,

FIR-f32_8tap,806,1444,2720,5272,10377,20585,41001,81833,n/a

FIR-f32_16tap,1315,2413,4609,9001,17785,35353,70489,140761,n/a

FIR-f32_32tap,2331,4349,8385,16457,32601,64889,129465,258617,n/a





Sample by Sample Tests

---------------------------------------------------------------



Iteration,0,1,2,3,4,5,6,7,8,9,10,11,12,13,14,15



PID-f32,98,98,98,98,98,98,98,98,98,98,98,98,98,98,98,98,

IIR-f31_64_df1-1Stage,107,107,107,107,107,107,107,107,107,107,107,107,107,107,107,

E-IIR-f32_df1-1Stage,140,140,140,140,140,140,140,140,140,140,140,140,140,140,140,140,