Cortex M4/7 Performance Test.
GCC Version: 5.4.1
LPC54114 -Os HardABI
NOTES:
Cycle Offset: 1

Block Processing Functions
---------------------------------------------------------------

Length,16,32,64,128,256,512,1024,2048,4096

CFFT-f32-BitReverse,1221,2688,5086,13447,29615,55120,135516,299187,561099,
CFFT-f32-NoBitReverse,989,2213,4539,11591,25758,51194,119927,266093,525675,
RFFT-f32-NoBitReverse,n/a,1872,3922,7522,18248,39133,74132,173468,375134,
ComplexMag-f32,608,1120,2156,4220,8348,16604,33116,66051,130675,
ComplexMagSquared-f32,220,367,659,1235,2387,4691,9299,18486,36440,
Goertzel_f32,310,582,1129,2215,4390,8742,17449,34855,70148,
IIR-f32_df1-1Stage,417,735,1367,2631,5159,10215,20325,40549,80996,
IIR-f32_df2T-1Stage,388,680,1256,2408,4713,9320,18537,36968,73831,
FIR-f32_8tap,855,1531,2881,5577,10969,21753,43319,86454,n/a
FIR-f32_16tap,1375,2537,4857,9497,18777,37337,74457,148694,n/a
FIR-f32_32tap,2403,4521,8757,17229,34173,68061,135839,271391,n/a


Sample by Sample Tests
---------------------------------------------------------------

Iteration,0,1,2,3,4,5,6,7,8,9,10,11,12,13,14,15

PID-f32,19,17,17,17,17,17,17,17,17,17,17,17,17,17,17,17,
IIR-f31_64_df1-1Stage,120,120,120,120,120,120,120,120,120,120,120,120,120,120,120,
E-IIR-f32_df1-1Stage,61,63,63,63,63,63,63,63,63,63,63,63,63,63,63,63,

