

Cortex M4/7 Performance Test.

GCC Version: 5.4.1

LPC4370 -Os HardABI

NOTES: 

Cycle Offset: 1



Block Processing Functions

---------------------------------------------------------------



Length,16,32,64,128,256,512,1024,2048,4096

RFFT-f32-NoBitReverse,n/a,1582,3413,6512,15760,34080,64110,151612,324791,

Goertzel_f32,317,604,1180,2332,4636,9244,18460,36892,73756,

IIR-f32_df1-1Stage,397,705,1321,2553,5017,9945,19801,39513,78936,

IIR-f32_df2T-1Stage,342,606,1134,2190,4302,8526,16974,33870,67661,

FIR-f32_8tap,839,1501,2825,5473,10769,21361,42545,84912,n/a

FIR-f32_16tap,1367,2505,4781,9333,18437,36645,73061,145892,n/a

FIR-f32_32tap,2423,4513,8693,17053,33773,67213,134093,267853,n/a





Sample by Sample Tests

---------------------------------------------------------------



Iteration,0,1,2,3,4,5,6,7,8,9,10,11,12,13,14,15



PID-f32,21,21,21,21,21,21,21,21,21,21,21,21,21,21,21,21,

IIR-f31_64_df1-1Stage,113,113,113,113,113,113,113,113,113,113,113,113,113,113,113,

E-IIR-f32_df1-1Stage,55,55,55,55,55,55,55,55,55,55,55,55,55,55,55,55,
