Cortex M4/7 Performance Test.
GCC Version: 5.4.1
LPC54114 -O2 HardABI
NOTES:
Cycle Offset: 1

Block Processing Functions
---------------------------------------------------------------

Length,16,32,64,128,256,512,1024,2048,4096
CFFT-q31-BitReverse,1190,4009,6816,20151,35820,97759,178410,461387,856885,
CFFT-q31-NoBitReverse,1044,3740,6289,19147,33752,93673,170046,444595,822378,
RFFT-Q31-BitReverse,n/a,3303,8216,15215,36934,69371,164848,312571,729694,
RFFT-Q31-NoBitReverse,n/a,3160,7950,14691,35933,67306,160763,304208,712902,
ComplexMag-q31,449,813,1541,2997,5909,11733,23381,46677,249012,
ComplexMagSquared-q31,237,408,712,1320,2536,4970,9834,19563,39019,
IIR-q31_df1-1Stage,573,992,1808,3440,6704,13232,26288,52402,104628,
IIR-q31_df1-1Stage-fast,1258,2347,4499,8803,17411,34627,69059,137923,275653,
IIR-q31_64_df1-1Staget,2446,4682,9138,18048,35872,71522,142817,285408,570592,
FIR-q31_8tap,1149,2092,3889,7564,14833,29452,58609,117002,n/a
FIR-q31_16tap,1526,2791,5096,9927,19368,38471,76458,152649,n/a
FIR-q31_32tap,2417,4505,8211,16089,31379,62424,124052,247769,n/a


Sample by Sample Tests
---------------------------------------------------------------

Iteration,0,1,2,3,4,5,6,7,8,9,10,11,12,13,14,15

PID-q31,25,25,25,25,25,25,25,25,25,25,25,25,25,25,25,
IIR-q32_64_df1-1Stage,319,323,323,323,323,323,323,323,323,323,323,323,323,323,323,
E-IIR-q31_64_df1-1Stage,164,167,167,167,167,167,167,167,167,167,167,167,167,167,167,
