Cortex M4/7 Performance Test.

GCC Version: 5.4.1

LPC4370 -O2 SoftABI

NOTES: 

Cycle Offset: 5



Block Processing Functions

---------------------------------------------------------------



Length,16,32,64,128,256,512,1024,2048,4096

RFFT-f32-NoBitReverse,n/a,1571,3406,6724,15645,33360,65157,149361,315770,

Goertzel_f32,858,1625,3162,6233,12377,24665,49241,98394,196698,

IIR-f32_df1-1Stage,390,686,1278,2462,4830,9566,19038,37984,75870,

IIR-f32_df2T-1Stage,374,670,1262,2446,4815,9551,19023,37967,75855,

FIR-f32_8tap,850,1496,2788,5372,10541,20877,41549,82893,n/a

FIR-f32_16tap,1367,2479,4703,9151,18047,35839,71423,142591,n/a

FIR-f32_32tap,2399,4443,8531,16707,33059,65763,131171,261987,n/a





Sample by Sample Tests

---------------------------------------------------------------



Iteration,0,1,2,3,4,5,6,7,8,9,10,11,12,13,14,15



PID-f32,98,98,98,98,98,98,98,98,98,98,98,98,98,98,98,98,

IIR-f31_64_df1-1Stage,106,106,106,106,106,106,106,106,106,106,106,106,106,106,106,

E-IIR-f32_df1-1Stage,140,140,140,140,140,140,140,140,140,140,140,140,140,140,140,140,
