Cortex M4/7 Performance Test.
GCC Version: 5.4.1
LPC54114 -O1 HardABI
NOTES:
Cycle Offset: 3

Block Processing Functions
---------------------------------------------------------------

Length,16,32,64,128,256,512,1024,2048,4096
CFFT-q15-BitReverse,765,2202,3705,10156,18133,47280,86890,217805,1316122,
CFFT-q15-NoBitReverse,619,1961,3238,9288,16355,43790,79752,203599,1280582,
RFFT-Q15-BitReverse,n/a,1412,3379,5938,14503,26704,64297,120810,281420,
RFFT-Q15-NoBitReverse,n/a,1268,3140,5471,13631,24922,60807,113665,267210,
ComplexMag-q15,359,639,1199,2319,4559,9039,17999,35919,250732,
ComplexMagSquared-q15,159,260,460,862,1662,3262,6462,12862,25663,
IIR-q15_df1-1Stage,455,739,1299,2419,4659,9142,18102,36022,71862,
IIR-q15_df1-1Stage-fast,349,551,951,1751,3351,6551,12951,25755,51353,
FIR-q15_8tap,850,1530,2882,5586,10994,21808,43440,86704,n/a
FIR-q15_16tap,1126,2043,3875,7539,14868,29524,58834,117459,n/a
FIR-q15_32tap,1634,3014,5781,11317,22389,44534,88822,177397,n/a


Sample by Sample Tests
---------------------------------------------------------------

Iteration,0,1,2,3,4,5,6,7,8,9,10,11,12,13,14,15

PID-q15,41,43,43,43,43,43,43,43,43,43,43,43,43,43,43,

